<?xml version="1.0"?>
<opencv_storage>
<RotationVector type_id="opencv-matrix">
  <rows>3</rows>
  <cols>1</cols>
  <dt>d</dt>
  <data>
    -1.5254828506376990e+00 -1.3953011771395389e+00
    -1.1816234152441407e+00</data></RotationVector>
<TranslationVector type_id="opencv-matrix">
  <rows>3</rows>
  <cols>1</cols>
  <dt>d</dt>
  <data>
    -1.1554773780507974e+03 1.6511416154312969e+03
    4.0919777345264429e+03</data></TranslationVector>
</opencv_storage>
