<?xml version="1.0"?>
<opencv_storage>
<RotationVector type_id="opencv-matrix">
  <rows>3</rows>
  <cols>1</cols>
  <dt>d</dt>
  <data>
    2.6574263169115475e-01 1.2278672113698461e+00
    -5.2035317506162571e-01</data></RotationVector>
<TranslationVector type_id="opencv-matrix">
  <rows>3</rows>
  <cols>1</cols>
  <dt>d</dt>
  <data>
    1.2884417557669244e+02 4.0968555586925613e+03 1.1367294811268172e+04</data></TranslationVector>
</opencv_storage>
