<?xml version="1.0"?>
<opencv_storage>
<RotationVector type_id="opencv-matrix">
  <rows>3</rows>
  <cols>1</cols>
  <dt>d</dt>
  <data>
    1.6170452782387523e+00 -1.9163346736757197e-01
    2.8235137348229350e-01</data></RotationVector>
<TranslationVector type_id="opencv-matrix">
  <rows>3</rows>
  <cols>1</cols>
  <dt>d</dt>
  <data>
    -8.6843850231355225e+02 1.2041639175406351e+03
    2.7818942068307701e+03</data></TranslationVector>
</opencv_storage>
