<?xml version="1.0"?>
<opencv_storage>
<RotationVector type_id="opencv-matrix">
  <rows>3</rows>
  <cols>1</cols>
  <dt>d</dt>
  <data>
    -1.5935201055407893e+00 -5.1393670687683468e-01
    -7.2426898820121366e-01</data></RotationVector>
<TranslationVector type_id="opencv-matrix">
  <rows>3</rows>
  <cols>1</cols>
  <dt>d</dt>
  <data>
    -5.5778326035456155e+02 1.1426827005931133e+02
    3.7206271198331490e+02</data></TranslationVector>
</opencv_storage>
