<?xml version="1.0"?>
<opencv_storage>
<RotationVector type_id="opencv-matrix">
  <rows>3</rows>
  <cols>1</cols>
  <dt>d</dt>
  <data>
    1.6105960484434254e+00 5.8990874870876886e-01
    -4.8039422472518029e-01</data></RotationVector>
<TranslationVector type_id="opencv-matrix">
  <rows>3</rows>
  <cols>1</cols>
  <dt>d</dt>
  <data>
    -9.8462692154374008e+02 9.5557722865066069e+02
    4.3745708044197936e+03</data></TranslationVector>
</opencv_storage>
