<?xml version="1.0"?>
<opencv_storage>
<RotationVector type_id="opencv-matrix">
  <rows>3</rows>
  <cols>1</cols>
  <dt>d</dt>
  <data>
    -1.3296854173125581e+00 -8.5817157275894951e-01
    -6.1468512857444646e-02</data></RotationVector>
<TranslationVector type_id="opencv-matrix">
  <rows>3</rows>
  <cols>1</cols>
  <dt>d</dt>
  <data>
    -5.0540530560835020e+02 -2.9268239106923949e+02
    4.3432485598936501e+02</data></TranslationVector>
</opencv_storage>
