<?xml version="1.0"?>
<opencv_storage>
<RotationVector type_id="opencv-matrix">
  <rows>3</rows>
  <cols>1</cols>
  <dt>d</dt>
  <data>
    8.1334726007943214e-01 1.9364445240109207e+00
    -1.5991752803558477e+00</data></RotationVector>
<TranslationVector type_id="opencv-matrix">
  <rows>3</rows>
  <cols>1</cols>
  <dt>d</dt>
  <data>
    1.5117731766535707e+02 6.0487076364675409e+02 4.8866132368359076e+03</data></TranslationVector>
</opencv_storage>
