<?xml version="1.0"?>
<opencv_storage>
<RotationVector type_id="opencv-matrix">
  <rows>3</rows>
  <cols>1</cols>
  <dt>d</dt>
  <data>
    3.4253649137940673e-01 -1.6789982488692208e+00
    1.5624467169486795e+00</data></RotationVector>
<TranslationVector type_id="opencv-matrix">
  <rows>3</rows>
  <cols>1</cols>
  <dt>d</dt>
  <data>
    5.3881968880302827e+02 -1.6630626922286996e+02
    4.6206563594836342e+02</data></TranslationVector>
</opencv_storage>
