<?xml version="1.0"?>
<opencv_storage>
<RotationVector type_id="opencv-matrix">
  <rows>3</rows>
  <cols>1</cols>
  <dt>d</dt>
  <data>
    1.2221966249715399e+00 1.2162562782934980e+00
    -1.2130314433766289e+00</data></RotationVector>
<TranslationVector type_id="opencv-matrix">
  <rows>3</rows>
  <cols>1</cols>
  <dt>d</dt>
  <data>
    -3.6977927811260969e+02 1.3847153399796020e+03
    3.9201670397186672e+03</data></TranslationVector>
</opencv_storage>
