<?xml version="1.0"?>
<opencv_storage>
<RotationVector type_id="opencv-matrix">
  <rows>3</rows>
  <cols>1</cols>
  <dt>d</dt>
  <data>
    2.4188777701247635e-01 1.2441516967507822e+00
    -5.0808089721444039e-01</data></RotationVector>
<TranslationVector type_id="opencv-matrix">
  <rows>3</rows>
  <cols>1</cols>
  <dt>d</dt>
  <data>
    1.7881656966544401e+02 4.1500272309178117e+03 1.1502318994303201e+04</data></TranslationVector>
</opencv_storage>
