<?xml version="1.0"?>
<opencv_storage>
<CameraMatrix type_id="opencv-matrix">
  <rows>3</rows>
  <cols>3</cols>
  <dt>d</dt>
  <data>
    4.9076724325945992e+02 0. 3.3116344833929139e+02 0.
    4.9378624561885920e+02 2.2735660748617192e+02 0. 0. 1.</data></CameraMatrix>
<DistortionCoeffs type_id="opencv-matrix">
  <rows>1</rows>
  <cols>5</cols>
  <dt>d</dt>
  <data>
    -3.5464341382681586e-01 1.7635472168905963e-01
    -1.4482497461753955e-03 9.3448353946125893e-04
    -5.0437158748662760e-02</data></DistortionCoeffs>
</opencv_storage>
