<?xml version="1.0"?>
<opencv_storage>
<CameraMatrix type_id="opencv-matrix">
  <rows>3</rows>
  <cols>3</cols>
  <dt>d</dt>
  <data>
    4.8853519538172884e+02 0. 3.4430311412790860e+02 0.
    4.9062554632990469e+02 2.4182061453181026e+02 0. 0. 1.</data></CameraMatrix>
<DistortionCoeffs type_id="opencv-matrix">
  <rows>1</rows>
  <cols>5</cols>
  <dt>d</dt>
  <data>
    -3.7726111834223308e-01 2.1807734676026896e-01
    -7.0541616837662649e-04 -9.2678701955179041e-04
    -8.1093887445845822e-02</data></DistortionCoeffs>
</opencv_storage>
