<?xml version="1.0"?>
<opencv_storage>
<CameraMatrix type_id="opencv-matrix">
  <rows>3</rows>
  <cols>3</cols>
  <dt>d</dt>
  <data>
    4.8618432020068542e+02 0. 3.3038946288025613e+02 0.
    4.8650007860399478e+02 2.3725969045650635e+02 0. 0. 1.</data></CameraMatrix>
<DistortionCoeffs type_id="opencv-matrix">
  <rows>1</rows>
  <cols>5</cols>
  <dt>d</dt>
  <data>
    -3.5840796834114569e-01 1.7682148399285522e-01
    -3.9609800265805981e-04 -2.5310805140334723e-04
    -4.9545800020086107e-02</data></DistortionCoeffs>
</opencv_storage>
