<?xml version="1.0"?>
<opencv_storage>
<CameraMatrix type_id="opencv-matrix">
  <rows>3</rows>
  <cols>3</cols>
  <dt>d</dt>
  <data>
    4.9187528637001748e+02 0. 3.3255893328002509e+02 0.
    4.9465056293861932e+02 2.3040899820816691e+02 0. 0. 1.</data></CameraMatrix>
<DistortionCoeffs type_id="opencv-matrix">
  <rows>1</rows>
  <cols>5</cols>
  <dt>d</dt>
  <data>
    -3.8145171375530879e-01 2.6207606395890720e-01
    -1.6932118019113609e-03 7.9774124640540100e-04
    -1.2714277493881088e-01</data></DistortionCoeffs>
</opencv_storage>
