<?xml version="1.0"?>
<opencv_storage>
<CameraMatrix type_id="opencv-matrix">
  <rows>3</rows>
  <cols>3</cols>
  <dt>d</dt>
  <data>
    4.8655637672548619e+02 0. 3.4648424140944246e+02 0.
    4.8879406021032412e+02 2.4240603201413191e+02 0. 0. 1.</data></CameraMatrix>
<DistortionCoeffs type_id="opencv-matrix">
  <rows>1</rows>
  <cols>5</cols>
  <dt>d</dt>
  <data>
    -3.7321653920176112e-01 2.0378499244080295e-01
    -5.8142771035244833e-04 -1.8454970557022657e-03
    -6.8570665915074908e-02</data></DistortionCoeffs>
</opencv_storage>
