<?xml version="1.0"?>
<opencv_storage>
<CameraMatrix type_id="opencv-matrix">
  <rows>3</rows>
  <cols>3</cols>
  <dt>d</dt>
  <data>
    4.8932039562324218e+02 0. 3.2250749898629527e+02 0.
    4.8801810274350777e+02 2.3628091007539683e+02 0. 0. 1.</data></CameraMatrix>
<DistortionCoeffs type_id="opencv-matrix">
  <rows>1</rows>
  <cols>5</cols>
  <dt>d</dt>
  <data>
    -3.4345005870833795e-01 1.4073044901538193e-01
    3.7985885001200518e-04 -2.9514184292824133e-04
    -3.0035687310923376e-02</data></DistortionCoeffs>
</opencv_storage>
