<?xml version="1.0"?>
<opencv_storage>
<CameraMatrix type_id="opencv-matrix">
  <rows>3</rows>
  <cols>3</cols>
  <dt>d</dt>
  <data>
    4.8265964321813425e+02 0. 3.1957670338080885e+02 0.
    4.8094075670525297e+02 2.3252174654530324e+02 0. 0. 1.</data></CameraMatrix>
<DistortionCoeffs type_id="opencv-matrix">
  <rows>1</rows>
  <cols>5</cols>
  <dt>d</dt>
  <data>
    -3.5338396561413354e-01 1.6791055531977481e-01
    1.2752166155030255e-03 1.1708316289663781e-03
    -4.2449815398523230e-02</data></DistortionCoeffs>
</opencv_storage>
